92,173,0
92,175,0
91,175,0
91,177,0
90,179,0
90,181,0
90,183,0
89,185,0
89,187,0
89,188,0
89,189,0
89,190,0
88,191,0
88,192,0
88,193,0
88,195,0
88,196,0
88,197,0
88,199,0
88,201,0
88,203,0
88,205,0
88,207,0
87,208,0
87,210,0
87,213,0
86,214,0
86,216,0
86,218,0
86,219,0
86,221,0
86,223,0
85,225,0
85,227,0
84,229,0
84,231,0
83,233,0
83,236,0
82,238,0
82,240,0
82,242,0
82,245,0
82,247,0
82,249,0
82,251,0
82,253,0
82,255,0
82,257,0
82,258,0
82,259,0
82,261,0
82,263,0
82,265,0
82,267,0
82,271,0
82,273,0
81,277,0
81,279,0
80,283,0
80,285,0
80,288,0
80,290,0
80,292,0
80,293,0
79,297,0
79,299,0
78,301,0
78,305,0
78,308,0
78,309,0
78,311,0
78,313,0
78,315,0
78,317,0
78,319,0
78,322,0
78,324,0
78,325,0
78,327,0
78,328,0
78,329,0
78,330,0
78,331,0
78,331,0
78,332,0
78,333,0
78,334,0
78,335,0
78,336,0
78,337,0
78,339,0
78,340,0
78,341,0
78,341,0
78,342,0
78,343,0
78,343,0
78,343,0
78,344,0
78,345,0
78,345,0
78,346,0
79,347,0
79,347,0
80,347,0
81,339,0
81,332,0
93,174,1
94,174,0
94,173,0
95,173,0
96,173,0
96,173,0
98,173,0
100,173,0
104,173,0
109,174,0
114,174,0
120,175,0
126,175,0
135,177,0
140,178,0
146,178,0
150,179,0
154,179,0
156,179,0
158,179,0
160,179,0
163,179,0
166,179,0
171,179,0
178,179,0
186,179,0
194,179,0
231,184,0
235,185,0
240,185,0
248,186,0
253,186,0
259,187,0
264,187,0
270,187,0
275,187,0
280,187,0
287,187,0
293,187,0
298,187,0
304,187,0
308,187,0
313,187,0
316,187,0
320,187,0
323,187,0
326,187,0
329,187,0
332,187,0
335,187,0
339,187,0
342,187,0
346,187,0
349,187,0
352,187,0
356,187,0
359,187,0
361,187,0
364,187,0
367,188,0
369,188,0
372,188,0
374,188,0
376,188,0
377,188,0
379,188,0
381,188,0
384,188,0
386,188,0
390,188,0
394,188,0
398,188,0
403,188,0
408,188,0
412,188,0
416,188,0
420,188,0
425,188,0
428,188,0
432,188,0
434,188,0
438,188,0
440,188,0
442,188,0
444,188,0
446,189,0
447,189,0
448,189,0
450,189,0
452,189,0
455,189,0
458,189,0
462,189,0
466,189,0
470,189,0
475,189,0
477,189,0
481,189,0
484,189,0
487,189,0
489,189,0
490,189,0
491,189,0
492,189,0
492,189,0
494,189,0
496,189,0
498,189,0
500,189,0
501,189,0
502,189,0
503,189,0
504,189,0
501,189,1
501,190,0
501,191,0
501,193,0
501,194,0
501,196,0
498,205,0
494,218,0
492,224,0
491,228,0
490,231,0
489,235,0
488,239,0
488,241,0
487,243,0
486,246,0
486,250,0
484,253,0
484,265,0
482,270,0
482,276,0
482,283,0
482,289,0
481,293,0
481,296,0
480,297,0
480,297,0
480,298,0
480,299,0
480,301,0
479,306,0
479,308,0
478,310,0
478,313,0
478,315,0
477,317,0
476,319,0
475,322,0
474,324,0
473,329,0
472,331,0
472,332,0
472,333,0
471,334,0
471,335,0
471,336,0
470,337,0
470,338,0
470,339,0
470,339,0
470,340,0
470,341,0
470,341,0
469,342,0
469,343,0
469,343,0
469,344,0
469,345,0
469,346,0
469,347,0
469,347,0
469,348,0
468,348,0
468,349,0
468,349,0
468,350,0
468,351,0
468,351,0
468,352,0
468,353,0
468,353,0
468,355,0
468,355,0
468,356,0
80,348,1
80,348,0
81,348,0
82,347,0
84,347,0
86,347,0
90,347,0
96,347,0
103,347,0
112,347,0
174,347,0
185,347,0
194,347,0
214,347,0
218,347,0
223,347,0
227,347,0
232,347,0
236,347,0
242,347,0
248,347,0
254,347,0
261,347,0
268,347,0
276,347,0
282,347,0
289,347,0
296,347,0
301,347,0
306,347,0
310,347,0
316,347,0
320,347,0
326,347,0
331,347,0
334,347,0
338,347,0
342,347,0
346,347,0
349,347,0
353,347,0
359,347,0
364,347,0
370,348,0
376,349,0
384,350,0
390,350,0
396,350,0
401,350,0
406,350,0
412,350,0
418,350,0
423,350,0
428,351,0
433,352,0
438,353,0
440,353,0
443,353,0
445,354,0
446,354,0
448,354,0
450,354,0
452,354,0
455,354,0
459,354,0
464,355,0
470,355,0
475,355,0
478,355,0
481,355,0
484,355,0
486,355,0
488,355,0
488,355,0
488,355,0
161,350,1
160,350,0
160,350,0
158,350,0
158,350,0
156,350,0
154,350,0
153,350,0
152,350,0
150,350,0
149,350,0
148,350,0
146,351,0
144,351,0
142,351,0
139,353,0
137,354,0
124,360,0
123,362,0
122,362,0
122,363,0
122,363,0
122,364,0
122,365,0
122,366,0
122,367,0
122,368,0
122,369,0
122,372,0
122,374,0
122,376,0
122,377,0
122,379,0
122,381,0
122,382,0
123,384,0
123,385,0
123,387,0
123,388,0
123,389,0
123,391,0
123,391,0
124,393,0
124,393,0
125,395,0
126,395,0
127,396,0
128,397,0
129,400,0
130,401,0
130,402,0
132,404,0
132,405,0
134,406,0
135,408,0
136,409,0
138,410,0
140,411,0
142,413,0
144,414,0
147,415,0
150,415,0
154,415,0
158,415,0
164,415,0
168,415,0
172,415,0
182,413,0
187,407,0
188,403,0
189,401,0
190,399,0
191,396,0
193,393,0
194,391,0
195,388,0
196,385,0
198,383,0
200,381,0
200,379,0
202,377,0
202,375,0
203,373,0
204,371,0
204,370,0
204,369,0
204,368,0
204,367,0
204,367,0
204,366,0
204,365,0
204,365,0
204,363,0
203,363,0
202,362,0
202,361,0
202,361,0
201,360,0
200,359,0
200,359,0
200,358,0
200,357,0
199,357,0
198,356,0
196,355,0
194,354,0
192,353,0
191,353,0
189,352,0
187,351,0
185,350,0
182,350,0
181,349,0
180,349,0
178,349,0
178,349,0
177,349,0
176,349,0
175,349,0
174,349,0
172,349,0
170,349,0
168,350,0
167,350,0
165,350,0
163,351,0
161,351,0
160,351,0
158,351,0
156,352,0
156,352,0
155,352,0
154,352,0
154,353,0
153,353,0
153,353,0
152,353,0
153,353,0
353,353,1
352,353,0
352,353,0
351,353,0
350,353,0
349,353,0
348,353,0
346,353,0
345,353,0
344,353,0
342,353,0
341,353,0
340,353,0
338,353,0
336,353,0
334,353,0
333,354,0
331,357,0
329,359,0
328,361,0
326,363,0
324,365,0
324,367,0
322,368,0
322,369,0
320,371,0
320,373,0
318,375,0
318,376,0
316,378,0
315,381,0
314,383,0
314,385,0
313,386,0
312,389,0
312,391,0
312,393,0
312,394,0
312,396,0
311,399,0
311,401,0
311,402,0
311,403,0
311,405,0
311,406,0
311,407,0
312,409,0
313,411,0
314,412,0
314,413,0
315,414,0
316,415,0
318,416,0
318,417,0
320,417,0
321,419,0
323,419,0
326,421,0
328,421,0
331,423,0
335,424,0
341,426,0
348,427,0
354,428,0
359,429,0
363,429,0
366,429,0
368,429,0
370,429,0
372,428,0
372,427,0
374,426,0
376,425,0
376,424,0
377,423,0
378,421,0
378,420,0
380,418,0
382,416,0
383,414,0
384,412,0
386,409,0
388,407,0
388,405,0
390,403,0
390,401,0
392,399,0
393,397,0
394,395,0
395,393,0
396,391,0
396,389,0
396,388,0
397,385,0
398,384,0
398,383,0
398,381,0
398,379,0
398,378,0
398,377,0
398,375,0
397,373,0
396,373,0
395,371,0
394,371,0
392,369,0
391,369,0
388,367,0
386,367,0
385,365,0
382,363,0
380,362,0
377,361,0
374,359,0
372,357,0
370,357,0
368,355,0
366,355,0
364,355,0
363,354,0
362,353,0
362,353,0
360,353,0
360,352,0
358,352,0
358,351,0
357,351,0
356,351,0
356,351,0
355,351,0
354,351,0
352,351,0
352,351,0
352,351,0
350,351,0
350,351,0
349,351,0
348,351,0
347,351,0
346,351,0
344,351,0
344,350,0
343,350,0
342,350,0
125,200,1
125,201,0
125,201,0
124,203,0
124,203,0
124,204,0
124,205,0
124,207,0
124,209,0
124,211,0
122,212,0
122,213,0
121,215,0
120,217,0
120,219,0
120,220,0
119,221,0
117,231,0
117,234,0
116,238,0
116,247,0
116,249,0
115,249,0
115,250,0
114,250,0
114,249,0
112,248,0
112,247,0
124,197,1
124,197,0
126,197,0
128,197,0
130,197,0
131,197,0
132,197,0
134,198,0
135,198,0
136,198,0
137,198,0
138,198,0
140,199,0
142,199,0
146,199,0
148,199,0
152,200,0
154,201,0
156,202,0
156,202,0
157,202,0
158,202,0
158,202,0
159,202,0
160,202,0
166,203,0
167,203,0
168,203,0
168,203,0
169,204,0
169,205,0
169,205,0
170,206,0
170,207,0
170,207,0
170,208,0
169,209,0
169,211,0
168,212,0
168,213,0
168,215,0
168,215,0
167,217,0
166,218,0
166,219,0
166,221,0
166,222,0
165,224,0
164,225,0
164,227,0
163,228,0
162,229,0
162,230,0
162,231,0
162,232,0
161,233,0
160,235,0
160,236,0
160,237,0
160,239,0
160,240,0
159,242,0
158,243,0
158,244,0
158,245,0
158,246,0
158,247,0
158,248,0
158,249,0
158,249,0
158,251,0
158,251,0
157,253,0
157,253,0
157,254,0
157,255,0
157,255,0
157,256,0
157,257,0
157,257,0
157,258,0
157,259,0
156,259,0
156,259,0
156,260,0
156,260,0
155,260,0
154,259,0
114,255,1
115,255,0
117,255,0
119,255,0
122,255,0
126,255,0
130,255,0
134,255,0
138,255,0
142,255,0
144,255,0
146,255,0
148,255,0
151,255,0
152,255,0
154,255,0
155,255,0
156,255,0
156,255,0
156,255,0
156,254,0
212,201,1
212,203,0
212,204,0
212,206,0
212,209,0
212,212,0
212,215,0
210,219,0
210,225,0
209,229,0
208,233,0
207,237,0
206,239,0
206,241,0
205,243,0
205,245,0
205,247,0
205,248,0
205,249,0
205,250,0
205,251,0
205,253,0
205,254,0
205,255,0
205,257,0
205,257,0
205,258,0
204,258,0
204,257,0
204,256,0
204,255,0
206,252,0
208,250,0
222,201,1
222,201,0
222,202,0
222,202,0
223,202,0
224,203,0
226,203,0
227,204,0
231,205,0
234,205,0
240,205,0
245,207,0
250,207,0
255,208,0
259,208,0
262,209,0
264,209,0
266,209,0
269,209,0
270,209,0
270,209,0
272,209,0
273,209,0
274,209,0
274,210,0
274,211,0
274,212,0
273,213,0
273,215,0
272,216,0
270,218,0
270,220,0
268,223,0
266,227,0
265,229,0
264,233,0
262,237,0
262,239,0
260,243,0
260,246,0
258,249,0
258,252,0
258,254,0
257,256,0
257,259,0
257,259,0
256,259,0
256,260,0
256,261,0
256,262,0
256,263,0
256,264,0
255,265,0
255,266,0
255,267,0
255,268,0
254,269,0
254,269,0
254,270,0
254,269,0
254,269,0
254,268,0
210,267,1
212,267,0
213,267,0
215,267,0
218,267,0
221,267,0
225,267,0
229,267,0
235,267,0
239,267,0
244,267,0
250,267,0
252,267,0
256,267,0
260,267,0
262,267,0
263,267,0
264,267,0
264,267,0
265,267,0
266,267,0
333,215,1
334,215,0
334,217,0
334,217,0
334,219,0
334,221,0
334,223,0
334,225,0
334,227,0
334,230,0
334,233,0
334,236,0
334,239,0
332,242,0
332,245,0
333,247,0
333,249,0
333,251,0
333,251,0
333,252,0
333,253,0
333,253,0
333,254,0
333,255,0
333,256,0
333,257,0
333,259,0
333,260,0
333,259,0
334,258,0
335,257,0
336,255,0
336,208,1
335,208,0
351,209,0
358,210,0
363,210,0
369,211,0
374,212,0
379,213,0
383,213,0
387,213,0
394,213,0
396,213,0
398,213,0
398,213,0
398,213,0
398,214,0
399,215,0
399,216,0
399,217,0
399,218,0
399,219,0
399,221,0
398,223,0
398,225,0
398,229,0
396,233,0
395,236,0
394,241,0
394,244,0
393,248,0
392,249,0
391,253,0
391,254,0
390,256,0
390,257,0
388,263,0
388,265,0
387,267,0
387,268,0
386,270,0
386,271,0
386,272,0
386,273,0
386,274,0
386,275,0
386,275,0
385,276,0
385,277,0
385,278,0
384,279,0
384,280,0
384,282,0
384,283,0
384,284,0
384,284,0
383,283,0
383,283,0
382,281,0
382,281,0
326,268,1
327,268,0
328,268,0
329,268,0
330,268,0
332,269,0
336,270,0
341,272,0
348,273,0
355,275,0
363,276,0
373,277,0
381,278,0
385,279,0
390,279,0
392,279,0
393,279,0
394,279,0
393,279,0
392,279,0
